<div id="logo-desktop">
        <svg
        width="192"
        height="23"
        viewBox="0 0 192 23"
        fill="none"
        xmlns="http://www.w3.org/2000/svg"
        className="Logo__Desktop"
      >
       <g id="layer101" fill="#000000" stroke="none">
 <path d="M5825 7369 c-99 -84 -207 -176 -240 -205 l-60 -54 35 -31 c19 -18 53 -48 75 -68 22 -20 72 -63 110 -95 39 -32 91 -78 117 -102 26 -24 49 -44 52 -44 4 0 19 11 34 24 26 23 166 143 361 309 50 43 89 83 85 89 -8 13 -376 328 -384 328 -3 0 -86 -68 -185 -151z"/>
 <path d="M6470 6908 l0 -223 28 -22 c15 -12 124 -105 242 -207 l215 -185 3 221 c2 159 -1 224 -9 235 -7 8 -103 90 -213 182 -111 92 -216 180 -233 195 l-33 28 0 -224z"/>
 <path d="M5355 6974 c-49 -42 -100 -84 -113 -95 -12 -11 -80 -67 -150 -125 l-127 -106 -5 -836 -5 -837 -205 -5 -205 -5 24 -20 c13 -11 40 -34 60 -51 30 -25 202 -165 275 -224 10 -8 23 -20 30 -25 6 -6 56 -48 111 -94 55 -46 111 -93 125 -105 127 -109 269 -226 274 -226 3 0 6 68 6 150 l0 150 234 0 c203 0 235 2 247 16 12 14 10 19 -13 38 -14 11 -126 107 -247 211 l-221 190 0 700 1 700 199 170 c110 93 200 172 200 175 -1 3 -22 22 -48 42 -26 21 -60 50 -77 65 -111 103 -255 223 -267 222 -7 0 -53 -34 -103 -75z"/>
 <path d="M6114 6847 c-6 -7 -51 -46 -100 -88 -49 -42 -99 -85 -110 -95 -12 -11 -79 -68 -149 -129 -70 -60 -150 -131 -176 -156 l-49 -46 0 -655 0 -656 108 -93 c59 -51 109 -96 112 -99 3 -3 41 -36 85 -75 44 -38 97 -85 117 -104 21 -19 47 -40 58 -48 l20 -14 0 739 0 739 28 24 c15 13 56 49 92 79 36 30 69 60 75 66 5 5 39 35 75 65 36 30 74 62 85 73 11 10 31 25 43 34 20 13 25 13 33 1 5 -8 7 -20 4 -27 -3 -8 -5 -339 -5 -736 l0 -722 -96 -84 c-53 -47 -108 -95 -123 -108 -86 -76 -163 -144 -216 -192 -33 -30 -92 -82 -130 -115 -38 -33 -88 -76 -110 -96 -22 -20 -56 -50 -75 -65 -19 -16 -40 -33 -46 -39 -6 -5 -29 -27 -52 -47 -23 -21 -43 -42 -44 -46 -3 -7 68 -69 222 -195 8 -7 52 -43 96 -80 45 -37 85 -67 89 -67 5 0 29 19 54 42 26 24 78 70 116 103 37 33 73 65 79 70 17 16 562 493 640 561 39 33 77 67 84 76 9 12 12 176 10 768 l-3 754 -170 149 c-93 82 -215 188 -270 236 -384 337 -373 329 -401 298z"/>
 </g>

</svg>
</div>